192 4 1432884874 3996423042 0.358542
192 4 1417100491 4000267174 0.354251
192 4 1404333644 4001369636 0.350963
192 5 2391598400 4024113172 0.594317
192 5 1254685340 1988098754 0.631098
192 4 704721515 1982706718 0.355434
192 5 2248871239 4035195938 0.557314
192 5 2348935492 4038953931 0.581570
192 6 3325472054 4004332326 0.830469
192 5 2553980477 4026415909 0.634306
192 6 3502698512 4007402347 0.874057
192 5 2329475665 4055442868 0.574407
192 4 703074515 2078471960 0.338265
192 4 1591156064 4124752797 0.385758
192 5 2230215629 4049272258 0.550769
192 4 1356467791 4094446729 0.331295
192 5 1162279593 2137912773 0.543652
192 5 2244434167 4101173498 0.547266
192 5 2378541830 4124270537 0.576718
192 5 1134865082 2136559620 0.531165
192 6 3555544142 4026936948 0.882940
192 5 2224687958 4039126122 0.550784
192 5 2445520947 4061152618 0.602174
192 5 2390635751 4045958998 0.590870
192 5 2229704850 4103367263 0.543384
192 6 3445015743 4015208083 0.857992
192 5 2252845296 4023951715 0.559859
192 5 2389840888 4032144923 0.592697
192 5 2382976740 4038611910 0.590048
192 6 3574315240 4009788646 0.891397
192 5 2230371440 4140176176 0.538714
192 5 2532816298 4114830624 0.615534
192 5 1254252876 2069614713 0.606032
192 6 1858853940 1989370294 0.934393
192 5 2484513184 4123809261 0.602480
192 4 1405192933 4068789963 0.345359
192 4 1423163225 4069114685 0.349748
192 5 2243337368 4091639038 0.548274
192 6 3313107915 4026854134 0.822753
192 5 2500928422 4090556366 0.611391
192 6 3539394739 4001631710 0.884488
192 5 2404195305 4106161287 0.585509
192 5 2273333177 4124653879 0.551157
192 5 2339001708 4143509273 0.564498
192 5 2392357912 4114111243 0.581501
192 5 2411091147 4095049266 0.588782
192 6 3182898765 4014104320 0.792929
192 4 1511915988 4111249667 0.367751
192 4 1460224837 4115984764 0.354769
192 5 2411476648 4098653150 0.588358
192 5 2414136073 4104658673 0.588145
192 4 875159723 2090714340 0.418594
192 4 1523251584 4110968712 0.370533
192 6 3367458738 4000638638 0.841730
192 5 2411792974 4116102138 0.585941
192 5 2242525826 4129947890 0.542991
192 5 1160120882 1997522043 0.580780
192 5 2459577689 4113058463 0.597992
192 6 3446299400 4133067620 0.833836
192 6 3576443105 4079248022 0.876741
192 6 3295906052 4110746472 0.801778
192 4 1393223762 4090710194 0.340582
192 6 3330258510 4110223224 0.810238
192 6 3552137282 4076051232 0.871465
192 6 3396453838 4077292827 0.833017
192 6 3432456162 4114195069 0.834296
192 4 1487715262 4110256191 0.361952
192 6 1845543207 2070056218 0.891543
192 6 3356277697 4070172238 0.824603
192 6 3399717912 4068996653 0.835518
192 6 3345571345 4103960906 0.815205
192 6 3568837455 4074226015 0.875955
192 6 3408256420 4108898117 0.829482
192 4 1392218396 4075270728 0.341626
192 5 2254587848 4108377095 0.548778
192 4 1581934012 4114654950 0.384463
192 6 3222031993 4090448073 0.787697
192 6 3181538800 4090141260 0.777855
192 6 3366128816 4093276386 0.822356
192 6 3449698245 4074599451 0.846635
192 5 2202390351 4100625430 0.537086
192 4 1507375608 4104426653 0.367256
192 5 2225130397 4143866656 0.536970
192 6 1869022400 2084653320 0.896563
192 5 2396732254 4112004788 0.582862
192 4 1404094010 4067159974 0.345227
192 5 2140270549 4146027026 0.516222
192 5 2449374551 4112025452 0.595661
192 4 754216253 2156332028 0.349768
192 4 1516266564 4084354481 0.371238
192 6 3605451379 4067215188 0.886467
192 4 724507266 2220345349 0.326304
192 5 1191903730 2084225793 0.571869
192 4 1503772349 4114149306 0.365512
192 6 3550528656 4076521733 0.870970
192 6 3478875315 4090516356 0.850473
192 4 1407325653 4074448885 0.345403
192 4 1590250506 4140811548 0.384043
192 5 2395980618 4105897501 0.583546
192 6 3414131860 4078720534 0.837060
192 4 1340288774 4092006164 0.327538
192 6 3457722617 4075404138 0.848437
192 4 1493367420 4105326427 0.363763
192 6 3282746399 4077178024 0.805152
192 4 1540506193 4093529117 0.376327
192 4 1526655775 4124832655 0.370113
192 6 3456115739 4114327898 0.840020
192 4 1409979597 4088703218 0.344848
192 6 1740882046 2070951953 0.840619
192 6 3525008556 4073873196 0.865272
192 5 2260140317 4113708600 0.549417
192 6 3285019385 4073112542 0.806513
192 4 788577598 2072728538 0.380454
192 4 1507324691 4105140275 0.367180
192 4 1498406675 4075292594 0.367681
192 4 1488225506 4126575518 0.360644
192 5 2550421133 4133196699 0.617058
192 5 2299423695 4110626983 0.559385
192 5 2380123826 4092760458 0.581545
192 4 1481284088 4090948393 0.362088
192 5 1215345446 2072311306 0.586469
192 4 1527087977 4127349917 0.369992
192 6 3486687270 4109696216 0.848405
192 6 3347847234 4067643742 0.823043
192 5 2311981773 4110654348 0.562436
192 6 3422245718 4073362270 0.840153
192 5 2355856041 4127192107 0.570813
192 5 2236512955 4126968264 0.541926
192 4 1493682969 4099743150 0.364336
192 4 1410674719 4078358237 0.345893
192 4 1413552168 4143791857 0.341125
192 4 1389812094 4112419969 0.337955
192 6 3673068107 4105992829 0.894563
192 4 750180551 2065908971 0.363124
192 6 3554327336 4069109097 0.873490
192 4 1405756769 4068216002 0.345546
192 5 2454922956 4107377997 0.597686
192 6 3289886322 4076677070 0.807002
192 4 1405349493 4091093805 0.343514
192 6 1797971189 2077157289 0.865592
192 4 1515313033 4113467873 0.368378
192 6 3299502008 4108547674 0.803082
192 4 1492956538 4088392772 0.365170
192 4 728803219 2071185452 0.351877
192 4 1490185553 4126660536 0.361112
192 4 1492710809 4105809832 0.363561
192 4 790071260 2104969484 0.375336
192 5 2336582904 4112116251 0.568219
192 4 1494299611 4113228178 0.363291
192 6 1912872755 2066055215 0.925858
192 4 1483622245 4095156001 0.362287
192 4 1418083646 4141779368 0.342385
192 4 1449811765 4075664338 0.355724
192 4 869429939 2069244802 0.420168
192 5 2338984647 4115649877 0.568315
192 4 1513709811 4114761209 0.367873
192 5 1223191309 2056018257 0.594932
192 6 3438517890 4074221964 0.843969
192 5 2320279150 4112671922 0.564178
192 5 2464097160 4149568056 0.593820
192 4 1467779305 4114454510 0.356737
192 4 1538005475 4112782989 0.373957
192 5 2491408649 4092539240 0.608768
192 6 3130470168 4103088848 0.762955
192 4 1616066328 4073741028 0.396703
192 4 1451133334 4099520182 0.353976
192 4 1502763935 4068407531 0.369374
192 5 2288903782 4104622408 0.557641
192 4 1524637911 4103906502 0.371509
192 5 2501574145 4134794385 0.605006
192 6 3540349840 4092060915 0.865175
192 6 3690032121 4072967726 0.905981
192 4 1368853747 4076955724 0.335754
192 4 1553015245 4140091699 0.375116
192 4 1468659718 4078254316 0.360120
192 6 3367733111 4141535553 0.813160
192 5 1201269210 2072749692 0.579553
192 5 1238710480 2070554968 0.598250
192 5 2312913827 4095918121 0.564688
192 6 3409944948 4075147069 0.836766
192 6 3252380317 4105384055 0.792223
192 5 2347336558 4100055242 0.572513
192 5 2358657697 4106404098 0.574385
192 6 3474123574 4079024053 0.851705
192 5 2412800908 4089990516 0.589928
192 6 3466402836 4067483135 0.852223
192 6 3466611847 4090944733 0.847387
192 4 1447512401 4107319921 0.352423
192 5 2458834428 4104484641 0.599060
192 6 1700174578 2062312576 0.824402
192 4 1505590279 4086785482 0.368405
192 5 2300432627 4116793249 0.558792
192 4 1589160322 4104033524 0.387219
192 6 3621345930 4079382839 0.887719
192 4 1492015221 4093716857 0.364465
192 6 3375583092 4110605923 0.821189
192 5 2384050293 4136045414 0.576408
192 4 1498479817 4050587039 0.369941
192 5 1158170286 2041398205 0.567342
192 6 3386217176 4068869679 0.832226
192 6 1868300562 2081265593 0.897675
192 6 3453528044 4119494447 0.838338
192 6 3683013236 4106070031 0.896968
192 5 2182248196 4096767750 0.532676
192 6 3400012029 4074357979 0.834490
192 5 2411124823 4111070683 0.586496
192 6 3521279932 4084422640 0.862124
192 6 3361907846 4077254258 0.824552
192 6 3595750244 4072438238 0.882948
192 4 1467504319 4084886429 0.359252
192 4 1486014908 4091511767 0.363195
192 5 2202387283 4116462774 0.535019
192 6 3510495762 4076326624 0.861191
192 6 1904308269 2066571187 0.921482
192 4 1517988508 4125016482 0.367996
192 4 1484066701 4080836343 0.363667
192 4 1382967001 4058969481 0.340719
192 4 1487239972 4076553011 0.364828
192 4 782128179 2056311676 0.380355
192 5 2284494247 4086231428 0.559071
192 6 3735528315 4078022808 0.916015
192 5 1179929065 2030212946 0.581185
192 5 1160975757 2043132570 0.568233
192 6 1920225569 2189443664 0.877038
192 6 3364919964 4075676441 0.825610
192 6 3298296404 4092366996 0.805963
192 5 2459721132 4087705788 0.601736
192 5 2448687508 4104011237 0.596657
192 5 2431104493 4085678759 0.595031
192 5 2351037619 4093684657 0.574308
192 5 2423442713 4096823150 0.591542
192 5 1265960372 2033818507 0.622455
192 5 2445878855 4105429581 0.595767
192 5 2113589760 4097670684 0.515803
192 5 2377032593 4129062828 0.575683
192 5 2337058865 4122526252 0.566900
192 5 2450551105 4101988088 0.597406
192 5 2394557321 4085931150 0.586049
192 5 2228559667 4092415906 0.544558
192 5 2224142097 4089908044 0.543812
192 5 2394840679 4083960980 0.586401
192 6 1684303904 2045509921 0.823415
192 5 2489275254 4093635182 0.608084
192 5 2090681076 4084921112 0.511805
192 6 3509022003 4050562750 0.866305
192 5 2229490946 4105821250 0.543007
192 5 2461923072 4091964000 0.601648
192 5 2395481017 4115404190 0.582077
192 6 3408780559 4059421509 0.839721
192 6 3262248141 4093294696 0.796974
192 6 3120142671 4122592281 0.756840
192 5 2550845533 4080872175 0.625074
192 6 3366965375 4096957412 0.821821
192 6 3431149720 4070446952 0.842942
192 6 3557350063 4056228983 0.877009
192 6 3663168055 4051566136 0.904136
192 6 1952166620 2039886547 0.956998
192 5 2469326957 4081913024 0.604944
192 6 3578770547 4055645320 0.882417
192 4 1352009009 4048330382 0.333967
192 4 1307988340 4014442727 0.325821
192 6 3440380388 4073587126 0.844558
192 4 1452036739 4002489815 0.362783
192 4 1395808858 4003161314 0.348677
192 6 1873997545 2042184945 0.917643
192 4 1458592904 4041408781 0.360912
192 4 1406184506 4002016543 0.351369
192 6 3478085051 4087962154 0.850811
192 4 1394010942 4037121820 0.345298
192 4 749183961 1986553013 0.377128
192 4 1380941609 4009055145 0.344456
192 4 1413295578 4004264014 0.352948
192 4 1447351964 4002430658 0.361618
192 6 3560553091 4051439300 0.878837
192 4 738001978 1975453528 0.373586
192 4 1512995783 4037909201 0.374698
192 4 1407013554 4004878542 0.351325
192 4 1504964221 4046281741 0.371938
192 4 1491020810 4059114234 0.367327
192 4 1562309312 4039764269 0.386733
192 6 3620074676 4057311329 0.892235
192 4 1526382612 4037810925 0.378022
192 4 785547924 1984253907 0.395891
192 4 1549714514 4041859434 0.383416
192 4 1466695603 4047281579 0.362390
192 4 1460870670 4036861879 0.361883
192 4 1514960068 4033440820 0.375600
192 4 1491280937 4022690792 0.370717
192 4 1543108997 4055246846 0.380522
192 4 773774406 1987802514 0.389261
192 4 1511441920 4013505467 0.376589
192 4 1336218442 4025925871 0.331903
192 4 1510889870 4039102776 0.374066
192 4 1383812536 4009447077 0.345138
192 4 1465809241 4044827260 0.362391
192 4 1383835127 3999286173 0.346021
192 4 765907558 1968824581 0.389018
192 4 1453681604 4017276508 0.361857
192 4 1426978869 4031879771 0.353924
192 5 2173248260 4049473672 0.536674
192 4 1446601972 4004096125 0.361281
192 5 2431260896 4024183272 0.604163
192 5 2389196826 4023724846 0.593777
192 5 2334901951 4034536525 0.578729
192 5 1188664390 1996840684 0.595273
192 5 2399290253 4053966926 0.591838
192 5 2406520523 4037324408 0.596068
192 5 2376108424 4026571487 0.590107
192 5 2355084743 4060482860 0.580001
192 5 2527074212 4038706531 0.625714
192 5 2154923905 4036077788 0.533915
192 5 2373323710 4039554351 0.587521
192 5 1310586793 1992218415 0.657853
192 6 3383778939 4037785188 0.838028
192 5 2279656253 4063200233 0.561049
192 6 3234800187 4034309035 0.801823
192 6 3228274883 4041039834 0.798872
192 6 3374148263 4020735585 0.839187
192 6 1829188433 1983278554 0.922305
192 6 3340673102 4017183350 0.831596
192 6 3306991163 4031031263 0.820383
192 6 3461856062 4008948757 0.863532
192 6 3374928759 4000849478 0.843553
192 6 3318606943 4001751036 0.829289
192 6 3483425038 4000858559 0.870669
192 6 1870515621 1976309934 0.946469
192 6 3502503209 4016196185 0.872095
192 6 3426361556 4024912554 0.851288
192 6 3429425726 4008130764 0.855617
192 6 3326622454 4002651978 0.831105
192 6 3588068151 4005690069 0.895743
192 6 3472365848 3999551640 0.868189
192 6 1810302442 1983116662 0.912857
192 6 3471838775 4013905876 0.864953
192 6 3505154427 4010844032 0.873919
192 6 3404677560 4002677302 0.850600
192 6 3491954635 4033298546 0.865781
192 6 3653738203 4002967687 0.912757
192 6 3439713504 4001291359 0.859651
192 6 1844975582 1982571145 0.930597
192 6 3547871292 4012151958 0.884281
192 6 3402172784 4032452329 0.843698
192 6 3627516897 4011061775 0.904378
192 6 3437176355 4002091426 0.858845
192 6 3574952694 4004515426 0.892730
192 6 3617406139 4000351204 0.904272
192 6 1925299968 1982052421 0.971367
192 6 3717589529 4015763188 0.925749
192 6 3287856705 4021414357 0.817587
192 6 3327563579 4008355246 0.830157
192 6 3333262606 4002191480 0.832859
192 6 3346073373 4005317600 0.835408
192 6 3356025787 4000659094 0.838868
192 6 1872096678 1981100079 0.944978
192 6 3413460476 4014505662 0.850282
192 6 3135417321 4025493261 0.778890
192 4 1434783627 4076195917 0.351991
192 4 1485484355 4112667691 0.361197
192 4 1547553417 4111209855 0.376423
192 4 1496010603 4105091374 0.364428
192 4 793212887 2083008761 0.380802
192 4 1520909588 4100390799 0.370918
192 4 1522423709 4105349587 0.370839
192 4 1570709536 4111604787 0.382019
192 4 1385090427 4074431333 0.339947
192 4 1498494526 4099832823 0.365501
192 4 1488173667 4088565956 0.363984
192 4 731010071 2070156571 0.353118
192 5 2330191587 4130872280 0.564092
192 5 2327147890 4131679602 0.563245
192 5 2388245034 4100148442 0.582478
192 5 2323398097 4113307469 0.564849
192 5 2343595576 4100851304 0.571490
192 5 2450848641 4103417802 0.597270
192 5 1222311784 2062903631 0.592520
192 5 2320607139 4126140220 0.562416
192 5 2442018086 4141964705 0.589580
192 5 2240212658 4115530778 0.544331
192 5 2358603091 4107641910 0.574199
192 5 2485446336 4110295707 0.604688
192 5 2275470979 4106943181 0.554055
192 5 1195117969 2072346562 0.576698
192 6 3530289501 4096534793 0.861775
192 6 3354113465 4110706455 0.815946
192 6 3522996515 4074603707 0.864623
192 6 3378147798 4078694702 0.828242
192 6 3499312435 4069848577 0.859814
192 6 1905835220 2075195708 0.918388
192 6 3592496241 4092605159 0.877802
192 6 3528883733 4111175511 0.858364
192 6 3672909934 4077636342 0.900745
192 6 3456282362 4074114487 0.848352
192 4 1420646747 4071276621 0.348944
192 4 1437764908 4081644797 0.352251
192 4 1405063733 4070558273 0.345177
192 4 722020998 2070899254 0.348651
192 5 2257679558 4111802481 0.549073
192 5 2330423007 4129855081 0.564287
192 5 2357824499 4116357278 0.572794
192 5 2407230005 4095028393 0.587842
192 5 2359711294 4096780754 0.575992
192 5 2350317737 4090122537 0.574633
192 5 1262992930 2064134898 0.611875
192 5 2428466932 4112228817 0.590548
192 5 2379994107 4149098296 0.573617
192 5 2515772271 4113189583 0.611635
192 5 2393702067 4094357712 0.584634
192 5 2317382920 4104415268 0.564607
192 5 1144892737 2066266275 0.554088
192 6 3279901295 4093491179 0.801248
192 5 2327637844 4089776800 0.569136
192 6 3360564738 4105139353 0.818624
192 6 3350395765 4074136062 0.822357
192 6 3431974632 4085950982 0.839945
192 6 3485609367 4075654265 0.855227
192 6 3327431119 4067725404 0.818008
192 4 753992776 2021386094 0.373008
192 4 1511890344 4083216262 0.370269
192 4 1511031016 4099642368 0.368576
192 4 1508519997 4085074295 0.369276
192 4 1444781816 4051782480 0.356579
192 4 1565459772 4075329532 0.384131
192 4 786291628 2155966414 0.364705
192 4 1524390894 4085341197 0.373137
192 4 1500068064 4117249984 0.364337
192 4 1339977424 4046639254 0.331133
192 4 1448034117 4066769456 0.356065
192 4 1388638503 4046288994 0.343188
192 5 2328424051 4077878856 0.570989
192 5 2486357958 4062185935 0.612074
192 5 1216735881 2021616154 0.601863
192 5 2334790525 4096648420 0.569927
192 5 2394260366 4102112886 0.583665
192 5 2248818443 4083629421 0.550691
192 5 2385271002 4070504874 0.585989
192 5 2315295116 4078387763 0.567699
192 5 2399714566 4064827442 0.590361
192 5 1254009834 2025795416 0.619021
192 5 2391796910 4121376283 0.580339
192 5 2153878763 4100593125 0.525260
192 5 2249498985 4085848741 0.550559
192 5 2167935440 4083157675 0.530946
192 6 3698712082 4043974308 0.914623
192 6 3637712644 4038575743 0.900741
192 6 1845544684 2023310813 0.912141
192 6 3605852300 4080957986 0.883580
192 6 3634526721 4060602723 0.895071
192 6 3639485261 4045570321 0.899622
192 6 3346288027 4044405697 0.827387
192 6 3328072040 4051738285 0.821394
192 6 3367353216 4038727080 0.833766
192 6 1784056978 2092495791 0.852598
192 4 1336295887 4066019736 0.328650
192 4 1491369512 4116952296 0.362251
192 4 1488013918 4090667705 0.363758
192 4 1586058444 4170667489 0.380289
192 4 1447405091 4044741332 0.357849
192 4 1486968096 4079067076 0.364536
192 4 883026207 2046256394 0.431533
192 4 1506222391 4100847283 0.367295
192 4 1513105523 4121427451 0.367131
192 4 1446411654 4049490949 0.357184
192 4 1340105752 4052228489 0.330708
192 4 1385722532 4048238075 0.342303
192 5 2298866039 4066322360 0.565343
192 5 1179600516 2035585904 0.579489
192 5 2337001463 4117484988 0.567580
192 5 2344842688 4088115410 0.573575
192 5 2201348595 4088571096 0.538415
192 5 2450209222 4066940592 0.602470
192 5 2313333693 4070457207 0.568323
192 5 2494780741 4067759262 0.613306
192 5 1228363713 2024831536 0.606650
192 5 2192001017 4102428839 0.534318
192 5 2455872777 4088875327 0.600623
192 5 2287977199 4064841222 0.562870
192 5 2550205321 4087392111 0.623920
192 5 2260727069 4079589412 0.554156
192 6 3667865170 4044903816 0.906787
192 6 1879153812 2029601147 0.925873
192 6 3684366404 4063900656 0.906608
192 6 3626813350 4081512481 0.888595
192 6 3663620265 4053323920 0.903856
192 6 3454304935 4048527279 0.853225
192 6 3635970848 4050363140 0.897690
192 6 3585643349 4043131230 0.886848
192 6 1914143816 2040913959 0.937886
192 6 3571593254 4065154730 0.878587
192 6 3665807671 4081034163 0.898255
192 6 3558580728 4049181493 0.878840
192 6 3286229897 4050289641 0.811357
192 6 3345558447 4050679315 0.825925
192 6 3300572007 4043785933 0.816208
192 6 1815978283 2035208632 0.892281
224 4 1404398677 6092109625 0.230527
224 4 1421812096 6132331884 0.231855
224 5 2183815523 6120169438 0.356823
224 5 2429550204 6103178053 0.398080
224 5 2503579564 6107663408 0.409908
224 5 2431521027 6112936389 0.397766
224 5 1184879550 3012730529 0.393291
224 5 2482421373 6115917143 0.405895
224 5 2383490242 6125802194 0.389090
224 5 2456160610 6108285834 0.402103
224 5 2229320427 6115706896 0.364524
224 5 2408642971 6106138678 0.394463
224 5 2411409429 6113747130 0.394424
224 5 1269100492 3001619344 0.422805
224 5 2369286694 6119361248 0.387179
224 5 2234956939 6118885075 0.365256
224 6 3475667983 6094380156 0.570307
224 6 3491572674 6092948626 0.573051
224 6 3537330714 6091441401 0.580705
224 6 3538168509 6093232490 0.580672
224 6 1845778045 2984074871 0.618543
224 6 3520575739 6098481931 0.577287
224 6 3664114194 6105785769 0.600105
224 6 3475354824 6095007853 0.570197
224 6 3527207552 6106080323 0.577655
224 6 3475143994 6088316350 0.570789
224 6 3662637641 6091399994 0.601280
224 6 1941786583 3042074122 0.638310
224 5 2170144879 6078956715 0.356993
224 5 2231906274 6093097632 0.366301
224 5 2450724409 6058008729 0.404543
224 5 2491304546 6063604886 0.410862
224 5 2332260361 6067383254 0.384393
224 5 2303976005 6047975779 0.380950
224 5 1259672154 2911033666 0.432723
224 5 2474080016 6071121597 0.407516
224 5 2388659460 6085590669 0.392511
224 5 2401534113 6080249236 0.394973
224 5 2396983152 6042975761 0.396656
224 5 2332467677 6071850594 0.384144
224 5 2401505190 6060711256 0.396241
224 5 1163851939 2923969735 0.398038
224 6 3226623922 6079375027 0.530749
224 6 3281352711 6084574979 0.539290
224 6 3188722020 6058021085 0.526364
224 6 3364200540 6055735285 0.555540
224 6 3621504472 6045191998 0.599072
224 6 3458194243 6042370981 0.572324
224 6 1807971295 2899473203 0.623552
224 6 3478181949 6050083077 0.574898
224 6 3547997572 6068164674 0.584690
224 6 3306836462 6047495646 0.546811
224 5 2330236575 6101930795 0.381885
224 5 2395570656 6131682464 0.390687
224 5 2258018542 6123408009 0.368752
224 5 1216528761 2994873011 0.406204
224 5 2372228531 6137929431 0.386487
224 5 2403258068 6132925375 0.391862
224 5 2429235315 6108245329 0.397698
224 5 2343056722 6125402267 0.382515
224 5 2402300849 6125219637 0.392198
224 5 1176206389 3006398932 0.391234
224 5 2429217363 6111735681 0.397468
224 5 2351421912 6141817833 0.382854
224 5 2322113376 6118425840 0.379528
224 5 2383732591 6124173638 0.389233
224 6 3529426555 6105938636 0.578032
224 6 3544722346 6101242763 0.580984
224 6 3510292186 6095569078 0.575876
224 6 3547813619 6117031737 0.579989
224 6 3722531713 6121813672 0.608077
224 6 3340029239 6101552247 0.547406
224 6 1848352228 2989056519 0.618373
224 6 3468518044 6098347296 0.568764
224 6 3530304079 6109609198 0.577828
224 5 1171561781 2974562570 0.393860
224 5 2349206633 6144987360 0.382296
224 6 3640578311 6097388284 0.597072
224 5 2406272071 6160801985 0.390578
224 5 2427958769 6123761100 0.396482
224 5 2331495579 6139193376 0.379772
224 5 2404643192 6135235628 0.391940
224 5 2351810161 6119911894 0.384288
224 5 1237704343 3097520606 0.399579
224 5 2381799854 6139328574 0.387958
224 5 2434813372 6143531220 0.396321
224 5 2432539690 6121030773 0.397407
224 5 2382024442 6128382699 0.388687
224 5 2361512504 6116134322 0.386112
224 5 2338230912 6136334839 0.381047
224 6 1726502260 2982229321 0.578930
224 6 3451348778 6134684243 0.562596
224 6 3301193098 6148266076 0.536931
224 6 3278038547 6135388157 0.534284
224 4 1463745678 6051120125 0.241897
224 4 1405870320 6031022614 0.233106
224 5 2153634812 6042670116 0.356404
224 5 1291222594 2922848909 0.441769
224 5 2437028415 6051801751 0.402695
224 5 2384005372 6073837176 0.392504
224 5 2177756930 6056509135 0.359573
224 5 2371865418 6047584591 0.392200
224 5 2401744086 6054063213 0.396716
224 5 2460590021 6052808921 0.406520
224 5 1246404110 2900630951 0.429701
224 5 2491628989 6070910752 0.410421
224 5 2458930858 6073035194 0.404893
224 5 2528818917 6055506743 0.417606
224 5 2341511605 6039297430 0.387713
224 5 2365785040 6057645493 0.390545
224 6 3452935967 6025046778 0.573097
224 6 1819667150 2884308022 0.630885
224 6 3551716120 6040278235 0.588005
224 6 3417338681 6058458731 0.564061
224 6 3542931823 6037563469 0.586815
224 6 3680060372 6034199386 0.609867
224 6 3712213631 6023581646 0.616280
224 6 3580313154 6025802939 0.594164
224 6 1917159113 2873083090 0.667283
224 5 2299691669 6169189337 0.372770
224 5 2346103027 6125543996 0.383003
224 5 2502360345 6136588815 0.407777
224 6 3439902280 6044108929 0.569133
224 5 2405140359 6130611982 0.392317
224 5 2362872012 6117128964 0.386271
224 5 2444693930 6125451477 0.399104
224 5 2263759364 6159242347 0.367539
224 5 1183654637 2994458577 0.395282
224 5 2490750162 6124083805 0.406714
224 5 2452329107 6122554988 0.400540
224 5 2350584514 6110678543 0.384668
224 5 2474968795 6125181200 0.404065
224 5 1227267655 2973047767 0.412798
224 5 2370312424 6137063220 0.386229
224 6 3334611161 6147318088 0.542450
224 6 3259878680 6128099802 0.531956
224 6 3260695235 6123420945 0.532496
224 6 3330346431 6121582535 0.544034
224 6 3353663213 6107317668 0.549122
224 6 1828874946 2967668400 0.616267
224 6 3367647566 6115907942 0.550637
224 6 3394683582 6150946024 0.551896
224 6 3387764468 6116027643 0.553916
224 6 3527799218 6107085620 0.577657
224 6 3539042248 6109847488 0.579236
224 6 3391658762 6104787702 0.555574
224 6 1841874969 3027722781 0.608337
224 6 3482924615 6122662678 0.568858
224 6 3421015625 6136763652 0.557463
224 6 3470621895 6118332579 0.567250
224 6 3655991061 6096851647 0.599652
224 6 3632162483 6102392753 0.595203
224 6 1907091533 2966278367 0.642924
224 6 3603438726 6118854043 0.588907
224 6 3560111621 6104221535 0.583221
224 6 3397149771 6129592964 0.554221
224 5 2297216893 6163606764 0.372707
224 5 2350883842 6136719647 0.383085
224 5 2403833573 6154661913 0.390571
224 5 2313151502 6156051810 0.375752
224 5 1197940326 3038616151 0.394239
224 5 2237995188 6181725746 0.362034
224 5 2394626024 6168587318 0.388197
224 5 2458165627 6164275635 0.398776
224 5 2313742040 6158052544 0.375726
224 5 2394041623 6142897356 0.389725
224 5 2441279266 6146556468 0.397178
224 5 1265936767 3024928700 0.418501
224 5 2369027039 6160796009 0.384533
224 5 2235565892 6197909757 0.360697
224 6 3358132540 6153752701 0.545705
224 6 3324258294 6165902187 0.539136
224 6 3222066392 6152137344 0.523731
224 6 3367285339 6149179678 0.547599
224 6 1884715819 3031525768 0.621705
224 6 3526930853 6138374980 0.574571
224 6 3520117075 6168469998 0.570663
224 6 3529643915 6142277703 0.574647
224 6 3534423713 6141751897 0.575475
224 6 3599965066 6128275712 0.587435
224 5 2306823841 6121568210 0.376835
224 5 1229258554 2972950623 0.413481
224 5 2445864966 6134624883 0.398698
224 5 2263003216 6159832553 0.367381
224 5 2451744159 6147255611 0.398836
224 5 2444546150 6137632041 0.398288
224 5 2425622559 6113434380 0.396769
224 5 2259485929 6119775227 0.369211
224 5 1226657554 3013808253 0.407012
224 5 2458806294 6154078088 0.399541
224 5 2209672854 6170181362 0.358121
224 5 2338633483 6126700993 0.381712
224 5 2367948333 6135742893 0.385927
224 5 2392945522 6123674638 0.390770
224 6 3534250218 6111780946 0.578268
224 6 1883671014 2966872878 0.634901
224 6 3463845346 6112957204 0.566640
224 6 3456440401 6135747279 0.563328
224 6 3640613855 6115511721 0.595308
224 6 3765902154 6110112899 0.616339
224 6 3444499121 6098893634 0.564774
224 6 1908995888 2966577080 0.643501
224 6 3518777634 6116780161 0.575266
224 4 1463882949 6148940331 0.238071
224 4 1394943545 6098935700 0.228719
224 6 3553058177 6113793007 0.581154
224 5 2294594564 6110538119 0.375514
224 5 2480356902 6106061212 0.406212
224 5 1270161569 3020958781 0.420450
224 5 2429219834 6125107396 0.396600
224 5 2363611764 6121447572 0.386120
224 5 2361253619 6130399608 0.385171
224 5 2450954075 6127834942 0.399971
224 5 2210008591 6113499503 0.361496
224 5 2340248209 6118473739 0.382489
224 5 1213551156 3006908028 0.403588
224 5 2490738683 6133911476 0.406060
224 5 2398865072 6145391911 0.390352
224 5 2237877663 6117914843 0.365791
224 5 2404873656 6124951116 0.392636
224 6 3308185373 6082577450 0.543879
224 6 3452208120 6102492056 0.565705
224 6 1881179630 2978024119 0.631687
224 6 3411534833 6098647449 0.559392
224 6 3577687789 6106277356 0.585903
224 6 3581475183 6123083852 0.584914
224 6 3434582811 6104367977 0.562643
224 6 3447539309 6102831405 0.564908
224 6 3413592432 6131684886 0.556714
224 6 3455953397 6103335966 0.566240
224 5 2301271645 6061493042 0.379654
224 5 2415747613 6068486687 0.398081
224 5 2505815446 6054619352 0.413868
224 5 2246676019 6040968186 0.371907
224 5 2341782818 6055414670 0.386725
224 5 2212152828 6044032911 0.366006
224 5 1244046636 2911203385 0.427331
224 5 2431072507 6059820086 0.401179
224 5 2411087683 6077429394 0.396728
224 5 2455918211 6043906923 0.406346
224 5 2383881326 6034510655 0.395041
224 5 2301492818 6049683031 0.380432
224 5 1229641652 2896167629 0.424575
224 5 2257839151 6041968742 0.373693
224 6 1719025009 2877591558 0.597383
224 6 3228291815 6080532070 0.530923
224 6 3280206475 6067340149 0.540633
224 6 3366495046 6047476195 0.556678
256 5 2553712392 5305378279 0.481344
256 5 1235994935 2498084903 0.494777
256 5 2340527388 5299329935 0.441665
256 5 2404358611 5308156693 0.452955
256 5 2234983480 5323606543 0.419825
256 5 2399951939 5302040602 0.452647
256 5 2330906036 5294457655 0.440254
256 5 2518646167 5303458558 0.474906
256 5 2517558699 5295732262 0.475394
256 5 1248533266 2506814586 0.498056
256 5 2413625678 5302659949 0.455173
256 5 2421342448 5322916496 0.454890
256 5 2393113831 5318989362 0.449919
256 5 2459549217 5293475262 0.464638
256 5 2508014065 5294141353 0.473734
256 5 2208202430 5297009900 0.416877
256 5 2316245106 5298226041 0.437174
256 5 1250066914 2575402973 0.485387
256 5 2457686847 5309884895 0.462851
256 5 2386975153 5325316672 0.448232
256 6 3170550603 5271548949 0.601446
256 6 3469506622 5269566599 0.658405
256 6 3420870719 5276286621 0.648348
256 6 3473276268 5268806289 0.659215
256 6 1848815796 2500750930 0.739304
256 6 3330546124 5299987642 0.628406
256 6 3522500517 5298950677 0.664754
256 6 3450005561 5272763614 0.654307
256 6 3566062619 5263721610 0.677479
256 6 3450778827 5278248381 0.653773
256 6 3513765225 5271292846 0.666585
256 6 1913605789 2599235277 0.736219
256 6 3353929207 5282109178 0.634960
256 6 3526883440 5273753318 0.668762
256 6 3522776479 5274633136 0.667871
256 6 3479726373 5293145391 0.657402
256 6 3479899329 5272741539 0.659979
256 6 3602132961 5267941056 0.683784
256 6 1828302251 2498281050 0.731824
256 6 3431730892 5280042828 0.649944
256 6 3450256471 5305451588 0.650323
256 6 3441190970 5274014494 0.652480
256 6 3480665266 5267193827 0.660820
256 6 3399276001 5270492965 0.644964
256 6 3661117767 5268307053 0.694932
256 6 1940631150 2496695766 0.777280
256 6 3486580872 5284239242 0.659808
256 6 3520538666 5302326708 0.663961
256 6 3471974332 5272468413 0.658510
256 6 3636912138 5262262368 0.691131
256 7 4257118309 5262515266 0.808951
256 7 4291117700 5267269382 0.814676
256 7 2276130015 2578310981 0.882799
256 7 4277841000 5284785199 0.809464
256 7 4200542287 5298222662 0.792821
256 7 4253673503 5271567620 0.806909
256 7 4232626526 5273898051 0.802561
256 7 4346006691 5270891456 0.824530
256 7 4350037278 5266971622 0.825909
256 7 2339416948 2505030989 0.933887
256 7 4345217251 5288861320 0.821579
256 7 4368302471 5300184377 0.824179
256 7 4690358758 5272508924 0.889588
256 7 4585575947 5270913963 0.869977
256 7 4616744023 5270184099 0.876012
256 7 4588612043 5271882427 0.870393
256 7 2456573086 2504935463 0.980693
256 7 4664479066 5279002324 0.883591
256 7 4658236391 5285430868 0.881335
256 7 4952910443 5278062803 0.938396
256 7 4731395275 5280963680 0.895934
256 7 4824117360 5272064711 0.915034
256 7 4782995243 5265535375 0.908359
256 7 2535526320 2510504620 1.009967
256 7 4786269322 5286717642 0.905339
256 7 4790215785 5291819260 0.905212
256 5 2182436026 5371568064 0.406294
256 5 2337528137 5374104745 0.434961
256 5 2451231215 5368972280 0.456555
256 5 2402558982 5367896445 0.447579
256 5 2365230832 5379640731 0.439663
256 5 1128585747 2583278963 0.436881
256 5 2365388817 5396220571 0.438342
256 5 2492670975 5371637954 0.464043
256 5 2195670680 5374887042 0.408505
256 5 2455577699 5362484992 0.457918
256 5 2235683451 5363512734 0.416832
256 5 1190441370 2679910247 0.444209
256 5 2382653741 5386633159 0.442327
256 5 2370672458 5391831692 0.439678
256 7 4434802370 5349720495 0.828978
256 7 4573523416 5341050634 0.856297
256 7 4605793113 5340317550 0.862457
256 7 4692524043 5338853814 0.878938
256 7 2358211069 2589544138 0.910666
256 7 4536873475 5351630987 0.847755
256 7 4708024058 5358241080 0.878651
256 7 4778354604 5344365970 0.894092
256 7 4556108740 5338139073 0.853501
256 7 4790184985 5347162785 0.895837
256 7 4640984561 5342727723 0.868655
256 7 2518851596 2570429198 0.979934
256 7 4227165977 5353361046 0.789628
256 7 4533085295 5369967796 0.844155
256 5 2296543515 5296125855 0.433627
256 5 2363648287 5303910097 0.445643
256 5 2395658559 5300114980 0.452001
256 5 2316389448 5298206727 0.437203
256 5 1182829223 2532614931 0.467039
256 5 2395719589 5332505214 0.449267
256 5 2361320320 5305321237 0.445085
256 5 2411549161 5302688522 0.454779
256 6 3608005577 5269907564 0.684643
256 6 1880181425 2502936485 0.751190
256 6 3441271804 5281974382 0.651512
256 6 3693926978 5273222886 0.700507
256 6 3399465902 5291164386 0.642480
256 6 3547367520 5272300442 0.672831
256 6 1896744542 2503808661 0.757544
256 6 3523750392 5266072232 0.669142
256 6 3593017542 5288174131 0.679444
256 5 2530962327 5306080803 0.476993
256 6 3410732042 5271035096 0.647071
256 6 3509228016 5267887981 0.666155
256 7 4223103167 5270988003 0.801198
256 7 2283941671 2515330595 0.908009
256 6 3488069501 5303301260 0.657717
256 7 4292653418 5299037815 0.810082
256 7 4226853630 5288680054 0.799227
256 7 4239151036 5277204413 0.803295
256 6 3724428619 5266866249 0.707143
256 7 4235566537 5268580071 0.803929
256 7 4229656653 5271156951 0.802415
256 7 4231870014 5284876858 0.800751
256 5 2360873219 5299112397 0.445522
256 7 4369848835 5302673784 0.824084
256 7 2282140287 2510763985 0.908943
256 7 4411532616 5268400609 0.837357
256 7 4464336138 5273789815 0.846514
256 7 4222100307 5276722620 0.800137
256 7 4301832327 5271141819 0.816110
256 7 2291087933 2507543344 0.913678
256 7 4591485250 5294055288 0.867291
256 6 3549121309 5270335498 0.673415
256 7 4339065570 5270907382 0.823210
256 7 4691023040 5270118084 0.890117
256 7 4449483881 5289983574 0.841115
256 7 2399553616 2509833805 0.956061
256 7 4645029482 5269284576 0.881529
256 7 4538439849 5285824898 0.858606
256 7 4645306364 5291752629 0.877839
256 7 4477823349 5269726374 0.849726
256 7 4450625704 5271019589 0.844358
256 7 4425443215 5270695091 0.839632
256 7 4479422411 5266778610 0.850505
256 7 2363260101 2506845425 0.942723
256 7 4436204607 5286590607 0.839143
256 7 4445460477 5271854469 0.843244
256 7 4421677504 5294541862 0.835139
256 7 4334816103 5284797099 0.820243
256 7 4635696974 5279972099 0.877978
256 7 4426994241 5269773397 0.840073
256 7 4460758081 5267602064 0.846829
256 7 4635756104 5282560099 0.877559
256 7 4558523482 5265923893 0.865665
256 7 4499727798 5265134123 0.854627
256 7 4437399258 5267928370 0.842342
256 7 2421664429 2641598379 0.916742
256 7 4576388415 5281638139 0.866471
256 7 4487874237 5275270927 0.850738
256 7 4437998415 5295736610 0.838032
256 7 2381088598 2488082112 0.956998
256 7 4507197872 5269387145 0.855355
256 7 4264455694 5291229794 0.805948
256 7 4276458679 5270667060 0.811370
256 7 4561628312 5273051784 0.865083
256 7 2460470946 2505954682 0.981850
256 7 4556456145 5277971252 0.863297
256 7 4533103945 5276998431 0.859031
256 7 4654791023 5283867590 0.880944
256 7 4633319574 5301847658 0.873907
256 5 2312987020 5313777437 0.435281
256 5 2409869385 5327239327 0.452367
256 5 2437266804 5313287303 0.458712
256 5 2388321653 5344614396 0.446865
256 5 1214035165 2514043700 0.482901
256 5 2407866087 5310184981 0.453443
256 5 2515275324 5307798790 0.473883
256 7 4426621118 5272844644 0.839513
256 5 2341774680 5319419912 0.440231
256 5 2520218470 5320640194 0.473668
256 5 2383275970 5320295831 0.447959
256 6 3736911244 5315160955 0.703066
256 6 1920922916 2517108910 0.763147
256 6 3608280133 5289053235 0.682217
256 6 3570628265 5280351645 0.676210
256 6 3472428261 5287176353 0.656764
256 6 1875809632 2519504497 0.744515
256 6 3506048384 5296509492 0.661955
256 6 3568877451 5314153876 0.671580
256 6 3461220739 5285432547 0.654860
256 6 3456685214 5286886873 0.653822
256 7 4403476000 5284032605 0.833355
256 6 3376899420 5296696430 0.637548
256 7 4512425817 5284549862 0.853890
256 7 4498220322 5296717260 0.849247
256 7 4491317083 5315433961 0.844958
256 7 2444849685 2502190883 0.977084
256 7 4653949517 5287116246 0.880243
256 7 4798152672 5290548794 0.906929
256 7 4744287857 5304473695 0.894394
256 7 4528899912 5285466571 0.856859
256 7 2457534623 2532338306 0.970461
256 7 4697488449 5308549775 0.884891
256 7 4656118105 5292221392 0.879804
256 7 4377625741 5285904467 0.828170
256 6 3605954629 5289708181 0.681693
256 7 4555817587 5290284513 0.861167
256 5 2467511129 5293277457 0.466159
256 5 1260954631 2502429513 0.503892
256 5 2364350741 5301717099 0.445959
256 5 2414284680 5320309534 0.453787
256 5 2343217620 5299934454 0.442122
256 5 2179648728 5299637212 0.411283
256 5 2555196906 5301223706 0.482001
256 5 1332442186 2510536363 0.530740
256 5 2233894954 5311608851 0.420568
256 5 2394863483 5301665372 0.451719
256 5 2393886424 5302276989 0.451483
256 5 2395187998 5327375109 0.449600
256 5 2411791059 5301953045 0.454887
256 5 2414600345 5301476164 0.455458
256 5 1285941206 2501287060 0.514112
256 5 2440518339 5300443466 0.460437
256 5 2430708670 5307560731 0.457971
256 5 2458479704 5323287282 0.461835
256 6 3426778502 5271225563 0.650091
256 6 3358155095 5269241180 0.637313
256 6 3673039242 5268414016 0.697181
256 6 1879422485 2586752538 0.726557
256 5 2554045456 5304492970 0.481487
256 6 3421363377 5284241308 0.647465
256 6 3383812764 5298641086 0.638619
256 6 3642953557 5273169977 0.690847
256 6 3758180011 5269519261 0.713192
256 6 3609814379 5272816496 0.684608
256 7 2266412953 2510725224 0.902693
256 7 4198737657 5285266617 0.794423
256 6 3579461164 5267227766 0.679572
256 7 4229940958 5278616740 0.801335
256 7 4218162232 5266432695 0.800952
256 7 4249319432 5290987630 0.803124
256 7 4180608278 5276381421 0.792325
256 7 4375073317 5269920523 0.830197
256 7 4311441073 5295941954 0.814103
256 7 4204901577 5299655980 0.793429
256 7 2260564707 2497765365 0.905035
256 7 4223164559 5271744739 0.801094
256 7 4346668880 5268246486 0.825069
256 7 4437349573 5282157422 0.840064
256 7 2459915681 2608130066 0.943172
256 7 4609993123 5287215723 0.871913
256 7 4392588652 5271119236 0.833331
256 7 4715233361 5298650305 0.889893
256 7 4558728730 5271498232 0.864788
256 7 4605091592 5272343135 0.873443
256 7 4737190879 5266877376 0.899431
256 7 4701675492 5269713009 0.892207
256 7 2505129184 2508596941 0.998618
256 5 2425549936 5300982686 0.457566
256 7 4686832655 5286987488 0.886485
256 7 4761882929 5290190554 0.900134
256 7 4725268548 5272129646 0.896273
256 7 4746798543 5267028006 0.901229
256 7 4706523824 5270121595 0.893058
256 7 4566123810 5265689836 0.867146
256 7 2452330179 2639644178 0.929038
256 7 4623925076 5300065181 0.872428
256 7 4313633164 5273064966 0.818050
256 7 4659193652 5268659653 0.884322
256 7 4807565045 5133412336 0.936524
256 7 4653753318 5293593226 0.879129
256 7 2529110711 2494480438 1.013883
256 7 4894413245 5284121057 0.926249
256 7 4914314780 5292690731 0.928510
256 7 4864934203 5278530016 0.921646
256 5 2476605733 5369995770 0.461193
256 7 4816249674 5278500191 0.912428
256 5 2408302123 5372164401 0.448293
256 5 1226362068 2687294160 0.456356
256 5 2313790411 5384395996 0.429721
256 5 2220883210 5404522801 0.410930
256 5 2424883474 5376074010 0.451051
256 5 2244157473 5373445839 0.417638
256 5 2334547332 5378679431 0.434037
256 5 2260021061 5365628122 0.421203
256 7 4823892970 5264527698 0.916301
256 5 1226177795 2676967824 0.458047
256 5 2234175239 5376528592 0.415542
256 5 2554804386 5406685175 0.472527
256 5 2217005870 5377204708 0.412297
256 6 3449966877 5351494980 0.644673
256 6 1806901371 2585119670 0.698962
256 6 3422314067 5379044897 0.636231
256 5 2410201068 5374628022 0.448441
256 6 3576236502 5381314087 0.664566
256 6 3543272868 5350245420 0.662264
256 6 3467160838 5343278118 0.648883
256 6 3468148021 5344888253 0.648872
256 6 3454202270 5343751689 0.646400
256 6 3444782146 5361142549 0.642546
256 6 3518806312 5374834122 0.654682
256 6 1878829159 2590211264 0.725357
256 6 3629677679 5343912010 0.679217
256 6 3719187723 5343585748 0.696010
256 6 3488188801 5349301293 0.652083
256 6 3643195617 5347678189 0.681267
256 6 1891926104 2667998257 0.709118
256 6 3537283207 5356830397 0.660331
256 7 4450389179 5377017269 0.827669
256 7 4745382123 5354083994 0.886311
256 6 3471624362 5345775338 0.649415
256 7 4817868012 5344136106 0.901524
256 7 4771541179 5352956800 0.891384
256 7 4419796805 5347858289 0.826461
256 7 2504049981 2574334701 0.972698
256 7 4822330852 5370888427 0.897865
256 7 4715267256 5349210234 0.881488
256 7 4809779331 5357519411 0.897762
256 7 4622342697 5348558601 0.864222
256 7 2352596656 2604567310 0.903258
256 7 4769061825 5343838300 0.892441
256 7 4652454835 5366034909 0.867019
256 5 2338801973 5321191942 0.439526
256 5 2300376901 5303157149 0.433775
256 5 2413047305 5293863412 0.455820
256 5 2252912119 5303773606 0.424775
256 5 2328733199 5296832505 0.439646
256 5 1222903692 2514080088 0.486422
256 5 2444634488 5307118984 0.460633
256 5 2509002262 5311981996 0.472329
256 5 2513510977 5301358564 0.474126
256 5 2393507795 5299746523 0.451627
256 5 2301265338 5298247187 0.434345
256 5 2354024938 5300498532 0.444114
256 6 1885806925 2496416188 0.755406
256 7 4523758266 5363872528 0.843375
256 6 3311139178 5288290490 0.626127
256 6 3461153577 5297813947 0.653317
256 6 3672628388 5286405493 0.694731
256 6 3672694387 5273070672 0.696500
256 6 3331729650 5273998599 0.631727
256 6 1787857188 2502206694 0.714512
256 6 3519273633 5288281452 0.665485
256 6 3608819974 5294335727 0.681638
256 7 4516038899 5273005908 0.856445
256 7 4671736365 5272596883 0.886041
256 7 4692839709 5266110337 0.891140
256 7 2354121317 2645478620 0.889866
256 7 4480686656 5283430260 0.848064
256 7 4604956676 5269127311 0.873951
256 7 4833667518 5278791824 0.915677
256 7 4653363163 5273152772 0.882463
256 7 4897028102 5275134936 0.928323
256 7 4601389129 5294641894 0.869065
256 7 2549957145 2549083460 1.000343
256 7 4692563674 5266465576 0.891027
256 7 4457976306 5282831958 0.843861
256 7 4637065341 5303915744 0.874272
256 5 2317897292 5310961833 0.436436
256 5 2388303560 5304704753 0.450224
256 5 2443927169 5302504560 0.460901
256 6 3370388332 5268173336 0.639764
256 5 2511245009 5300083046 0.473812
256 5 2332059454 5316526064 0.438643
256 5 2451912512 5327469054 0.460240
256 5 2491297486 5310257930 0.469148
256 5 2515811136 5298003177 0.474860
256 5 2403655184 5301795187 0.453366
256 5 2380070999 5298833502 0.449169
256 5 1211986485 2502117532 0.484384
256 5 2267206864 5314659912 0.426595
256 5 2381090329 5329749099 0.446755
256 6 3380383383 5277348595 0.640546
256 6 3477404881 5282683860 0.658265
256 6 3408854029 5277936287 0.645869
256 6 3350194981 5275501411 0.635048
256 6 1822711310 2515742995 0.724522
256 6 3288493120 5289206733 0.621737
256 6 3471729930 5296312018 0.655500
256 6 3563070159 5275432103 0.675408
256 6 3383386464 5287655560 0.639865
256 6 3480634517 5279581451 0.659263
256 6 3547385995 5272390926 0.672823
256 6 1881610586 2499896016 0.752676
256 6 3530169871 5289966608 0.667333
256 6 3439684990 5302269562 0.648719
256 6 3457488056 5276661602 0.655242
256 6 3472310461 5279436464 0.657705
256 5 1232817416 2511513798 0.490866
256 6 3524776666 5275969688 0.668081
256 6 1839877920 2581989864 0.712581
256 6 3720929998 5279888420 0.704736
256 6 3719250805 5297934412 0.702019
256 6 3632593917 5275454208 0.688584
256 6 3543711544 5271652807 0.672220
256 6 3562424029 5279733703 0.674736
256 6 3154384878 5272398451 0.598283
256 6 1734054413 2510709727 0.690663
256 6 3477228665 5282493522 0.658255
256 6 3528364416 5303465704 0.665294
256 6 3422275734 5278737325 0.648313
256 6 3480289304 5269543848 0.660454
256 6 3464439256 5271801457 0.657164
256 6 3403772302 5270867936 0.645771
256 6 1880937615 2501555583 0.751907
256 6 3458611135 5285242740 0.654390
256 6 3449663608 5297682904 0.651165
256 6 3308331797 5276637675 0.626977
256 6 3576315251 5274567468 0.678030
256 6 3732519274 5274462474 0.707659
256 6 3711812959 5271212810 0.704167
256 6 1851410902 2502074690 0.739950
256 6 3640767764 5317906449 0.684624
256 6 3629564427 5290426814 0.686063
256 6 3459318860 5284302004 0.654641
256 6 3407962856 5270167756 0.646652
256 6 3581711590 5271275089 0.679477
256 6 3476765510 5277167345 0.658832
256 6 3524094910 5293673414 0.665718
256 6 3509828804 5334133681 0.657994
256 6 3508447229 5276107299 0.664969
256 6 3509667870 5269981533 0.665973
256 6 1847873433 2582585185 0.715513
256 6 3564502215 5278742071 0.675256
256 6 3561077530 5278651924 0.674619
256 6 1886761956 2516378647 0.749793
256 7 4642612080 5309764112 0.874354
256 7 4673852957 5287037269 0.884021
256 7 4535438882 5266834222 0.861132
256 7 4411730148 5287688464 0.834340
256 7 4638932827 5269826246 0.880282
256 7 4436282649 5277186637 0.840653
256 7 2482670639 2706603796 0.917264
256 7 4751787958 5292351796 0.897859
256 7 4567966076 5298767814 0.862081
256 7 4718528888 5274376560 0.894614
256 7 4598338003 5272015004 0.872216
256 7 4818798144 5273807337 0.913723
256 7 4193610611 5274763806 0.795033
256 7 2367946154 2511037972 0.943015
256 6 3442925671 5264836034 0.653947
256 6 3574766440 5354304166 0.667644
256 6 3533923478 5346551527 0.660972
256 6 3521150673 5350243657 0.658129
256 6 3587252651 5343908544 0.671279
256 6 3715479842 5343644146 0.695308
256 6 1920324811 2561962214 0.749552
256 6 3581724530 5356568316 0.668660
256 6 3529285736 5349338695 0.659761
256 6 3659536953 5344395802 0.684743
256 6 3446381494 5367193695 0.642120
256 6 3541601746 5341743327 0.663005
256 6 1917883203 2585821423 0.741692
256 7 4203842157 5375232563 0.782076
256 6 3641047300 5337946800 0.682106
256 7 4324774974 5369333002 0.805459
256 7 4244302218 5342410328 0.794455
256 7 4205173265 5343055674 0.787035
256 7 4219510002 5340088342 0.790157
256 7 4232446889 5337493172 0.792965
256 7 4347497313 5353780701 0.812042
256 7 2257957587 2574083361 0.877189
256 7 4301888519 5382584508 0.799224
256 6 3510890599 5368876624 0.653934
256 7 4220087841 5346423772 0.789329
256 7 4203965640 5336916924 0.787714
256 7 4624160546 5339233613 0.866072
256 7 2455992815 2567519799 0.956562
256 7 4648498934 5353919083 0.868242
256 7 4403248056 5364770526 0.820771
256 7 4718229756 5350591285 0.881815
256 7 4443964031 5338096491 0.832500
256 7 4631085222 5340808485 0.867113
256 7 2501978736 2692678957 0.929178
256 7 4772011429 5356291292 0.890917
256 7 4777653872 5374123820 0.889011
256 7 4770285250 5341819285 0.893008
256 7 4857469357 5336603594 0.910217
256 7 4730940581 5347288699 0.884736
256 7 4712000035 5346889879 0.881260
256 5 2343744236 5307829746 0.441564
256 5 1227605113 2520205099 0.487105
256 5 2387699283 5336473855 0.447430
256 5 2368552469 5322863943 0.444977
256 5 2409786938 5399775671 0.446275
256 5 2293499894 5310039822 0.431918
256 5 2491927767 5312912648 0.469032
256 5 1303346566 2587331233 0.503742
256 5 2500098708 5318399071 0.470085
256 5 2341887979 5331247231 0.439276
256 5 2361821406 5334123718 0.442776
256 5 2492001044 5312513306 0.469081
256 7 4202854135 5344095009 0.786448
256 5 2322204397 5314513923 0.436955
256 6 3531333746 5287542604 0.667859
256 6 1884892798 2515212474 0.749397
256 6 3439623590 5170823119 0.665198
256 6 3398372788 5311242746 0.639845
256 6 3727112255 5289098267 0.704678
256 6 3572938599 5296471302 0.674588
256 6 3444222011 5285558160 0.651629
256 6 3549135960 5282685629 0.671843
256 6 1940897042 2510382366 0.773148
256 6 3641691553 5292778079 0.688049
256 6 3541966686 5312462867 0.666728
256 6 3481278542 5289714744 0.658122
256 6 3437634212 5280293248 0.651031
256 6 3724526606 5291791971 0.703831
256 7 4279247034 5285380493 0.809638
256 7 2292293792 2512532115 0.912344
256 7 4230222941 5308048798 0.796945
256 7 4323933470 5316817772 0.813256
256 7 4193993585 5289130582 0.792946
256 7 4476714386 5278368662 0.848125
256 7 4432666462 5282271311 0.839159
256 7 4227191657 5300791513 0.797464
256 7 4220472696 5284956686 0.798582
256 7 4065142469 5314586916 0.764903
256 7 4585819474 5287420960 0.867307
256 5 2298756281 5308694458 0.433017
256 7 4273042535 5289369517 0.807855
256 7 4564720760 5284596178 0.863779
256 7 2468032768 2514638612 0.981466
256 7 4598548665 5302975735 0.867164
256 7 4787818685 5282343499 0.906382
256 7 4709830158 5307650522 0.887366
256 7 4676456435 5283643589 0.885082
256 7 4772518195 5283463170 0.903294
256 7 4507260136 5290217982 0.851999
256 7 4668688417 5285628486 0.883280
256 7 2535070649 2510086173 1.009954
256 7 4815419133 5294077729 0.909586
256 7 4828733028 5291865883 0.912482
256 7 4743575267 5306435417 0.893929
256 7 4566677147 5290491574 0.863186
256 7 4672458134 5286751353 0.883805
256 7 4361709240 5284308596 0.825408
256 7 2460156832 2507535627 0.981105
256 7 4584902848 5300402942 0.865010
256 7 2315875068 2504960682 0.924516
256 7 4573083399 5315345120 0.860355
256 7 4598657574 5289245417 0.869435
256 7 4779766781 5292105887 0.903188
256 7 4779488052 5286828016 0.904037
256 7 4863959424 5284818947 0.920364
256 7 2524748061 2627027988 0.961066
256 7 4785004764 5297596533 0.903241
256 7 4759516589 5304151650 0.897319
256 7 4769001944 5290926599 0.901355
384 7 4453846830 7274378279 0.612265
384 7 4264931622 7282112344 0.585672
384 7 4570272625 7333841877 0.623176
384 8 5557298144 7336550565 0.757481
384 8 5612650581 7358138162 0.762781
384 8 6109241423 7331129173 0.833329
384 8 6179186894 7324876568 0.843589
384 8 5713894005 7328830390 0.779646
384 8 6016257177 7333531840 0.820376
384 8 3251551245 3994899449 0.813926
384 8 6103587163 7358119805 0.829504
384 8 5800402094 7364756441 0.787589
384 8 5580485032 7332662962 0.761045
384 7 2445577499 3970750898 0.615898
384 8 5779294197 7332614194 0.788163
384 8 5686936382 7356177155 0.773083
384 8 3017681238 3986375251 0.756999
384 8 6305220215 7371837390 0.855312
384 8 6056477520 7388936612 0.819668
384 8 5839387017 7357413235 0.793674
384 8 5923946709 7356753221 0.805239
384 8 5911583158 7362190015 0.802965
384 8 5816451477 7349073569 0.791454
384 8 3170695157 3986717157 0.795315
384 8 5971704884 7368739197 0.810411
384 8 5890257738 7401734389 0.795794
384 8 5923391313 7354004661 0.805465
384 7 4363960707 7343902947 0.594229
384 7 4647669986 7336925016 0.633463
384 8 5701469641 7340155537 0.776751
384 8 2957763847 3983902374 0.742429
384 8 6177787005 7354541223 0.839996
384 8 6324991078 7389219801 0.855975
384 8 5755035873 7344954468 0.783536
384 8 5816914159 7343248075 0.792145
384 8 6270191226 7347138681 0.853419
384 8 6222940791 7338230567 0.848017
384 8 3073142244 3958228097 0.776393
384 8 5954697143 7357996089 0.809282
384 8 5660396418 7376177586 0.767389
384 8 5984725064 7327453280 0.816754
384 8 5696993479 7343437000 0.775794
384 8 5649295891 7269966613 0.777073
384 8 5985368229 7270105541 0.823285
384 8 3142670940 3870560997 0.811942
384 8 6287936998 7288967975 0.862665
384 8 5692739023 7275834332 0.782417
384 8 6033407597 7273151031 0.829545
384 8 6027481823 7272021653 0.828859
384 8 5839744402 7272557662 0.802984
384 8 5824140069 7267724931 0.801370
384 8 3025774117 3859124793 0.784057
384 8 5792930213 7287422812 0.794922
384 9 7705385986 7302297286 1.055200
384 9 7606380587 7270433999 1.046207
384 9 7558129796 7268235072 1.039885
384 9 8018452307 7274898435 1.102208
384 9 7466694579 7270727486 1.026953
384 9 7577119293 7283191413 1.040357
384 9 7650677143 7307762818 1.046925
384 9 4145086602 3885387331 1.066840
384 8 6212008390 7309347314 0.849872
384 9 7657395016 7268397155 1.053519
384 9 7802155217 7275282407 1.072420
384 9 7954155250 7265352748 1.094806
384 9 7472297675 7277111107 1.026822
384 7 2357837206 3963950863 0.594820
384 7 4590678384 7337346590 0.625659
384 8 5681926523 7360805145 0.771916
384 8 6099520190 7321813766 0.833061
384 8 6153933529 7332399848 0.839280
384 8 5781097081 7327880200 0.788918
384 8 3140363917 3972680283 0.790490
384 8 5892664751 7347507423 0.801995
384 8 5659224707 7370609763 0.767810
384 8 5866157286 7329176910 0.800384
384 8 5888565950 7334150130 0.802897
384 8 5837008038 7331978005 0.796103
384 8 5788205318 7332663482 0.789373
384 9 7564165048 7343535630 1.030044
384 9 4172244007 3960207164 1.053542
384 9 7550644950 7365108070 1.025191
384 9 7694543591 7323006065 1.050736
384 9 7798963603 7329550770 1.064044
384 9 7669438286 7334159363 1.045715
384 7 4469569220 7327881141 0.609940
384 7 2372260688 3952956386 0.600123
384 7 4680220480 7338731829 0.637742
384 8 5860380259 7330914762 0.799406
384 7 4234622975 7328001429 0.577869
384 7 4504487133 7331055410 0.614439
384 7 4557063270 7362422648 0.618962
384 7 4182645366 7331264199 0.570522
384 7 4469370220 7325855408 0.610082
384 7 4506534322 7342491713 0.613761
384 7 2326398449 4017583454 0.579054
384 7 4547053040 7364084120 0.617463
384 7 4438107454 7333823259 0.605156
384 8 5688934399 7330894292 0.776022
384 8 5555359434 7333257046 0.757557
384 8 6062063371 7325609804 0.827517
384 8 5973873154 7345342579 0.813287
384 8 5799558000 7370804407 0.786828
384 8 6348580666 7329110590 0.866214
384 8 6093127987 7332513882 0.830974
384 8 6120747467 7341542588 0.833714
384 8 5991301686 7325824480 0.817833
384 8 2963000585 3955961355 0.748996
384 8 5651619899 7338011297 0.770184
384 7 4427875598 7364020251 0.601285
384 7 4784009288 7331340767 0.652542
384 8 5900975474 7320534092 0.806085
384 8 5820702837 7331474097 0.793933
384 8 6022589336 7329470088 0.821695
384 8 3219934784 4065905354 0.791935
384 8 5885068896 7343411339 0.801408
384 8 5834813405 7372896193 0.791387
384 8 6050675675 7326718712 0.825837
384 8 6140318473 7327076368 0.838031
384 8 5810778005 7330343964 0.792702
384 8 6037579295 7325036143 0.824239
384 8 2980409368 3951987853 0.754154
384 8 5659670496 7348648677 0.770165
384 7 4447711068 7367302808 0.603710
384 7 4554709384 7331679643 0.621237
384 8 5769441185 7332749875 0.786805
384 8 6064198108 7328713418 0.827457
384 8 6052565658 7325457711 0.826237
384 8 3093154055 3955965622 0.781896
384 8 6119374932 7363490965 0.831043
384 8 6199920321 7341213127 0.844536
384 8 5725946206 7331782153 0.780976
384 8 5886938488 7339053275 0.802139
384 8 5965771748 7330754137 0.813801
384 8 5777293505 7331581650 0.788001
384 8 2990510220 4002967544 0.747073
384 8 5944066143 7351837320 0.808514
384 8 3144767066 3994939488 0.787188
384 9 7240624365 7358581756 0.983970
384 9 7354957731 7329058632 1.003534
384 9 7345484236 7330255597 1.002078
384 9 7516621942 7325275383 1.026121
384 9 7293423268 7337634388 0.993975
384 9 7605615810 7365985004 1.032532
384 9 7518450171 7322115822 1.026814
384 9 7305641024 7324865538 0.997375
384 9 7356064439 7328608060 1.003746
384 9 7649798156 7327387508 1.044001
384 9 7644494456 7325915031 1.043487
521 12 11923789855 13264888960 0.898899
521 12 11822210739 13300615365 0.888847
521 12 13021944127 13246630379 0.983038
521 12 13004093317 13244451922 0.981852
521 12 7053419212 6769019089 1.042015
521 12 12776138879 13244391313 0.964645
521 12 7004030960 6772898866 1.034126
521 12 12969621285 13232113196 0.980163
521 12 12145495954 13283202516 0.914350
521 12 12422126454 13262408649 0.936642
521 12 13283487175 13252308696 1.002353
521 12 13272182484 13243394786 1.002174
521 12 12568967388 13253685256 0.948338
384 9 3954224598 3948232760 1.001518
521 12 12601355113 13248285971 0.951169
521 12 7049222653 6775181091 1.040448
521 12 12314369071 13261855675 0.928556
521 12 11958837423 13311289273 0.898398
521 12 12904389032 13247005346 0.974136
521 12 12679987002 13278615890 0.954918
521 12 12501079139 13241732091 0.944067
521 12 13245660848 13243546881 1.000160
521 12 6687045497 6780665255 0.986193
521 12 11906829504 13283534775 0.896360
521 12 12708879672 13250411220 0.959131
521 12 12612817543 13247783639 0.952070
521 12 12807267501 13245883495 0.966887
521 12 12723986858 13247277996 0.960498
521 12 12168228039 13259363769 0.917708
521 11 10697592636 13327173855 0.802690
521 10 4711022093 6678924722 0.705356
521 11 10538381597 13296323022 0.792579
521 12 12826367425 13147382449 0.975583
521 11 11083323117 13329480036 0.831490
521 11 5669489157 6845811576 0.828169
521 11 10915748542 13299853203 0.820742
521 11 10733711728 13326760231 0.805425
521 11 11077802388 13394755707 0.827025
521 11 11213582453 13294494026 0.843476
521 12 11861908043 13258093501 0.894692
521 11 10860820472 13285941000 0.817467
521 11 11085419054 13297640224 0.833638
521 11 11139683862 13296960658 0.837762
521 11 5744247741 6830222643 0.841004
521 11 10417196859 13318801170 0.782142
521 11 10740207887 13329012662 0.805777
521 12 12914179696 13244825819 0.975036
521 12 13619051143 13242788291 1.028413
521 12 12598495764 13244709487 0.951210
521 12 12968908788 13251005235 0.978711
521 12 6728133835 6793726945 0.990345
521 12 11901568658 13252473223 0.898064
521 12 13055991343 13245729928 0.985675
521 12 11947778093 13300639611 0.898286
521 12 12920515789 13302327858 0.971297
521 12 12874540418 13237925467 0.972550
521 12 12681587083 13152599366 0.964189
521 12 6881861075 6763790396 1.017456
521 12 12154888267 13259911364 0.916664
521 12 11963748171 13276021855 0.901155
521 12 12740122303 13258114352 0.960930
521 12 12667345188 13253639438 0.955764
521 12 12655787256 13247986988 0.955299
521 12 12328985212 13247376321 0.930674
521 12 6791937947 6775029169 1.002496
521 12 12005035027 13157171787 0.912433
521 12 12041603047 13167275978 0.914510
521 12 12942406102 13241998083 0.977376
521 12 13108072928 13136390131 0.997844
521 12 6787741032 6688193344 1.014884
521 12 12722694444 13157601108 0.966946
521 12 13512519496 13144912829 1.027966
521 10 8788146880 13178235093 0.666868
521 12 12050506451 13183334701 0.914071
521 11 10681543235 13244257319 0.806504
521 11 10869186143 13258170872 0.819810
521 11 10831397109 13240217492 0.818068
521 11 11440480373 13246863520 0.863637
521 11 5689474020 6898902041 0.824693
521 11 10429977276 13258052404 0.786690
521 11 10776881570 13276779292 0.811709
521 11 11312659756 13242855778 0.854246
521 11 10970247511 13235092723 0.828876
521 11 11046206046 13240448631 0.834277
521 11 10768469363 13246094953 0.812954
521 11 5949090859 6774740279 0.878128
521 11 10737602147 13256214535 0.810005
521 11 10803309250 13281284794 0.813424
521 12 12957882875 13153894026 0.985099
521 12 13221660345 13144378371 1.005879
521 12 13028348425 13142078017 0.991346
521 12 12384742400 13153571467 0.941550
521 12 6796172980 6705923102 1.013458
521 10 8942872545 13162895726 0.679400
521 10 9254831211 13165993351 0.702935
521 10 9042649554 13147232305 0.687799
521 10 9025020489 13150583013 0.686283
521 10 8909525105 13154103074 0.677319
521 10 9127750449 13154436530 0.693891
521 11 5574348958 6750457391 0.825774
521 11 11000006532 13157678538 0.836014
521 11 10609016656 13163720309 0.805928
521 11 11423180368 13150876216 0.868625
521 11 10705502683 13134983812 0.815037
521 11 10735465840 13165766058 0.815408
521 11 5807297544 6682557958 0.869023
521 11 11163707677 13157122983 0.848492
521 11 10944319859 13160653787 0.831594
521 11 10620716428 13163241467 0.806847
521 11 11172908584 13168585694 0.848452
521 11 11437610532 13184819948 0.867483
521 11 10633762246 13143549942 0.809048
521 11 10595908588 13164380375 0.804892
521 10 4863087302 6779287686 0.717345
521 10 9432612235 13306513567 0.708872
521 10 9182316267 13284831468 0.691188
521 10 9253100155 13244653352 0.698629
521 11 10491216754 13255476640 0.791463
521 11 10522768422 13244261223 0.794515
521 11 11288771638 13251777024 0.851869
521 11 5774091830 6792138354 0.850114
521 11 11050003115 13258577220 0.833423
521 11 10404338404 13290174625 0.782859
521 11 10987918526 13255795117 0.828914
521 11 10914321781 13253548889 0.823502
521 11 11288379294 13246264336 0.852193
521 11 5862244678 6838070319 0.857295
521 11 11390893505 13266830457 0.858599
521 11 11125845056 13267710279 0.838566
521 11 10668668356 13278779132 0.803437
521 11 10744552736 13248160513 0.811022
521 11 10574894928 13129878369 0.805407
521 11 10927320002 13228338362 0.826054
521 11 11041806705 13155890094 0.839305
521 11 5736464478 6695676012 0.856742
521 11 10673326244 13176441680 0.810031
521 11 10793713817 13254077922 0.814369
521 11 10670304796 13153115419 0.811238
521 11 11092388927 13150593401 0.843490
521 11 11357582045 13137708313 0.864503
521 11 11228125072 13174985407 0.852231
521 11 5933826610 6699149652 0.885758
521 11 11242638290 13156768798 0.854514
521 11 10683368376 13171156495 0.811118
521 11 10730536406 13152071767 0.815882
521 10 8806874290 13156675276 0.669384
521 10 8720139792 13158358906 0.662707
521 10 9331801238 13157546707 0.709236
521 10 5007320226 6699238787 0.747446
521 11 10586985013 13152746477 0.804926
521 11 10747000697 13164961234 0.816334
521 11 11106257433 13142050341 0.845093
521 11 10574320944 13141289476 0.804664
521 11 10919263156 13167418460 0.829264
521 11 10871255978 13155300090 0.826378
521 11 11192592152 13201941106 0.847799
521 11 5647817688 6690936851 0.844100
521 11 10896826259 13164216110 0.827761
521 11 11245150138 13156718600 0.854708
521 11 10714105417 13148420792 0.814859
521 11 11343646400 13134439903 0.863657
521 11 10453865410 13173266543 0.793567
521 11 5746487073 6712949662 0.856030
521 11 10584473362 13170144383 0.803672
521 11 11290789728 13156309968 0.858203
521 11 10837772714 13254460689 0.817670
521 11 10909637335 13159274583 0.829045
521 11 10748365818 13164855027 0.816444
521 11 10695366428 13153277791 0.813133
521 11 5710528627 6682439496 0.854557
521 11 11171855151 13206888704 0.845911
521 11 10845848155 13156324368 0.824383
521 11 11073976971 13143216410 0.842562
521 11 10910397081 13134822405 0.830647
521 11 10884743172 13156376051 0.827336
521 11 11116129914 13175460238 0.843700
521 11 5684277781 6700922948 0.848283
521 10 9046258432 13155000954 0.687667
521 11 10728617130 13290464090 0.807242
521 11 10758131428 13245204610 0.812228
521 11 11161051297 13240480790 0.842949
521 11 10832147200 13256962543 0.817091
521 11 10685146036 13252025480 0.806303
521 11 5688896903 6788157177 0.838062
521 11 10696540570 13266731230 0.806268
521 11 10913069725 13292764175 0.820978
521 11 11231433354 13245248456 0.847959
521 11 10985025266 13338195871 0.823577
521 11 10784904213 13233549092 0.814967
521 11 11340379315 13243166842 0.856319
521 11 5865659673 6771754181 0.866195
521 11 10723682825 13257273862 0.808890
521 10 9065277053 13171701883 0.688239
